      1000.00      298.034      0.00000
     0.998203      298.048      0.00000      1.88171     0.134365
      3.05092      298.077      0.00000      2.83470     0.194910
      5.21079      298.102      0.00000      3.57234     0.238127
      7.46779      298.126      0.00000      4.13813     0.268202
      9.86068      298.147      0.00000      4.56387     0.287505
      12.3754      298.166      0.00000      4.88600     0.298128
      15.0013      298.182      0.00000      5.13527     0.301472
      17.7177      298.196      0.00000      5.33504     0.298893
      20.6305      298.208      0.00000      5.50106     0.292299
      23.6901      298.219      0.00000      5.64468     0.283784
      26.8335      298.229      0.00000      5.77344     0.274273
      30.2186      298.239      0.00000      5.89294     0.263962
      33.7688      298.248      0.00000      6.00649     0.253093
      37.3892      298.256      0.00000      6.11585     0.241940
      41.2183      298.265      0.00000      6.22373     0.230757
      45.2835      298.273      0.00000      6.33145     0.219544
      49.6408      298.282      0.00000      6.43967     0.207618
      54.3027      298.290      0.00000      6.54842     0.194282
      58.9271      298.299      0.00000      6.65800     0.179709
      63.8173      298.307      0.00000      6.76926     0.164097
      68.9605      298.316      0.00000      6.88251     0.146533
      74.3327      298.325      0.00000      6.99824     0.126156
      80.0183      298.334      0.00000      7.11747     0.102682
      86.0576      298.344      0.00000      7.23996    0.0761325
      92.5331      298.354      0.00000      7.36524    0.0465062
      99.0865      298.364      0.00000      7.49345    0.0129952
      105.847      298.375      0.00000      7.62450   -0.0244667
      113.188      298.387      0.00000      7.75885   -0.0662450
      121.082      298.398      0.00000      7.89666    -0.113298
      129.219      298.411      0.00000      8.03895    -0.165373
      137.555      298.424      0.00000      8.18485    -0.222619
      146.147      298.438      0.00000      8.33545    -0.286308
      155.211      298.453      0.00000      8.49087    -0.357940
      164.891      298.469      0.00000      8.65013    -0.438026
      175.424      298.486      0.00000      8.81619    -0.527945
      186.338      298.505      0.00000      8.98741    -0.629727
      197.770      298.525      0.00000      9.16220    -0.747779
      209.529      298.546      0.00000      9.33973    -0.883957
      221.404      298.569      0.00000      9.51471     -1.03298
      233.791      298.593      0.00000      9.68160     -1.19171
      245.614      298.618      0.00000      9.83953     -1.36211
      257.533      298.644      0.00000      9.98758     -1.54441
      269.710      298.671      0.00000      10.1250     -1.73665
      281.236      298.699      0.00000      10.2505     -1.94203
      293.014      298.730      0.00000      10.3624     -2.16378
      305.328      298.762      0.00000      10.4602     -2.40279
      317.305      298.797      0.00000      10.5367     -2.65674
      329.296      298.836      0.00000      10.5871     -2.92620
      340.810      298.878      0.00000      10.6054     -3.21241
      351.889      298.925      0.00000      10.5800     -3.51059
      363.968      298.978      0.00000      10.4988     -3.81215
      376.633      299.038      0.00000      10.3524     -4.10513
      388.928      299.108      0.00000      10.1355     -4.37197
      401.249      299.188      0.00000      9.85420     -4.59137
      412.606      299.276      0.00000      9.52910     -4.73783
      423.562      299.367      0.00000      9.19496     -4.79125
      435.896      299.453      0.00000      8.89030     -4.75042
      448.626      299.532      0.00000      8.64105     -4.62928
      461.030      299.602      0.00000      8.45953     -4.45105
      471.834      299.663      0.00000      8.34793     -4.24003
      483.028      299.716      0.00000      8.30202     -4.01737
      495.506      299.764      0.00000      8.31144     -3.79964
      507.598      299.806      0.00000      8.36669     -3.59793
      519.953      299.844      0.00000      8.45797     -3.41874
      532.234      299.878      0.00000      8.57619     -3.26449
      543.213      299.909      0.00000      8.70977     -3.13678
      554.259      299.937      0.00000      8.84925     -3.03753
      566.668      299.962      0.00000      8.98777     -2.96865
      579.448      299.983      0.00000      9.11973     -2.92908
      591.992      300.001      0.00000      9.23770     -2.91449
      603.270      300.014      0.00000      9.33801     -2.91883
      614.837      300.023      0.00000      9.41922     -2.93693
      627.403      300.029      0.00000      9.48178     -2.96288
      638.344      300.032      0.00000      9.52869     -2.99141
      649.216      300.034      0.00000      9.56444     -3.01849
      661.649      300.035      0.00000      9.59155     -3.04323
      673.262      300.036      0.00000      9.61191     -3.06619
      684.696      300.037      0.00000      9.63069     -3.08776
      697.295      300.038      0.00000      9.64841     -3.10820
      710.113      300.038      0.00000      9.66321     -3.12713
      722.670      300.039      0.00000      9.67672     -3.14541
      734.258      300.040      0.00000      9.68798     -3.16237
      745.881      300.040      0.00000      9.69898     -3.17775
      758.516      300.041      0.00000      9.71109     -3.19493
      768.883      300.041      0.00000      9.72278     -3.21045
      778.959      300.042      0.00000      9.73317     -3.22393
      790.598      300.042      0.00000      9.74155     -3.23860
      802.269      300.043      0.00000      9.74936     -3.25275
      814.868      300.043      0.00000      9.75760     -3.26592
      827.715      300.043      0.00000      9.76571     -3.27896
      840.341      300.044      0.00000      9.77464     -3.29513
      852.111      300.044      0.00000      9.78113     -3.30911
      863.922      300.045      0.00000      9.78802     -3.32127
      876.600      300.045      0.00000      9.79381     -3.33555
      886.461      300.045      0.00000      9.80047     -3.35293
      896.065      300.046      0.00000      9.81006     -3.37204
      907.875      300.047      0.00000      9.82129     -3.39654
      919.719      300.047      0.00000      9.83165     -3.42204
      932.373      300.048      0.00000      9.84083     -3.44621
      945.223      300.048      0.00000      9.84789     -3.46756
      957.896      300.048      0.00000      9.85380     -3.48507
      969.620      300.048      0.00000      9.85862     -3.49890
      981.562      300.048      0.00000      9.86177     -3.50897
      991.082      300.048      0.00000      9.86331     -3.51657
      1000.72      300.048      0.00000      9.86319     -3.52506
      1013.37      300.048      0.00000      9.86138     -3.54149
      1025.62      300.050      0.00000      9.85193     -3.59134
      1037.56      300.062      0.00000      9.81222     -3.70128
      1049.12      300.095      0.00000      9.73491     -3.84245
      1061.86      300.159      0.00000      9.61553     -3.99121
      1073.72      300.264      0.00000      9.47860     -4.13264
      1085.91      300.411      0.00000      9.33420     -4.25777
      1098.51      300.595      0.00000      9.20763     -4.35298
      1108.47      300.806      0.00000      9.10733     -4.41122
      1118.41      301.029      0.00000      9.01200     -4.43401
      1130.58      301.249      0.00000      8.99476     -4.43381
      1142.61      301.451      0.00000      8.99076     -4.41903
      1153.10      301.626      0.00000      8.99376     -4.39057
      1165.99      301.771      0.00000      8.99658     -4.38073
      1178.62      301.888      0.00000      8.99689     -4.37888
      1190.72      302.006      0.00000      8.99681     -4.37834
      1202.75      302.129      0.00000      8.99712     -4.37796
      1213.01      302.252      0.00000      8.99726     -4.37774
      1223.18      302.376      0.00000      8.99753     -4.37755
      1236.01      302.500      0.00000      8.99777     -4.37745
      1248.28      302.625      0.00000      8.99799     -4.37744
      1260.51      302.749      0.00000      8.99815     -4.37747
      1273.30      302.874      0.00000      8.99821     -4.37754
      1282.75      302.996      0.00000      8.99822     -4.37761
      1294.93      303.120      0.00000      8.99822     -4.37768
      1307.17      303.241      0.00000      8.99821     -4.37776
      1319.95      303.359      0.00000      8.99820     -4.37783
      1330.35      303.483      0.00000      8.99820     -4.37790
      1340.84      303.606      0.00000      8.99819     -4.37796
      1353.06      303.729      0.00000      8.99819     -4.37800
      1365.38      303.831      0.00000      8.99818     -4.37801
      1378.16      303.954      0.00000      8.99818     -4.37803
      1387.00      304.076      0.00000      8.99817     -4.37804
      1399.78      304.196      0.00000      8.99816     -4.37806
      1411.95      304.316      0.00000      8.99816     -4.37806
      1424.24      304.438      0.00000      8.99816     -4.37806
      1434.86      304.563      0.00000      8.99815     -4.37807
      1445.54      304.685      0.00000      8.99815     -4.37807
      1457.79      304.806      0.00000      8.99815     -4.37807
      1470.25      304.925      0.00000      8.99815     -4.37807
      1483.05      305.045      0.00000      8.99815     -4.37806
      1491.14      305.167      0.00000      8.99815     -4.37806
      1503.97      305.263      0.00000      8.99815     -4.37806
      1516.23      305.386      0.00000      8.99815     -4.37806
      1528.54      305.507      0.00000      8.99815     -4.37806
      1541.30      305.627      0.00000      8.99815     -4.37806
      1552.25      305.750      0.00000      8.99815     -4.37806
      1563.05      305.875      0.00000      8.99815     -4.37806
      2400.00      314.000      0.00000      8.99815     -4.37806