36.59763837 -97.76625466 80 82.4564 39.4869 180.0 2.5 25.0
36.59613538 -97.76301420 80 82.4564 39.4869 180.0 2.5 25.0
36.59630299 -97.75918818 80 82.4564 39.4869 180.0 2.5 25.0
36.59912241 -97.74778438 80 82.4564 39.4869 180.0 2.5 25.0
36.59580255 -97.74326563 80 82.4564 39.4869 180.0 2.5 25.0
36.59727371 -97.74002218 80 82.4564 39.4869 180.0 2.5 25.0
36.59922886 -97.73737431 80 82.4564 39.4869 180.0 2.5 25.0
36.59511518 -97.77244341 80 82.4564 39.4869 180.0 2.5 25.0
36.58489311 -97.77248240 80 82.4564 39.4869 180.0 2.5 25.0
36.58507025 -97.76780725 80 82.4564 39.4869 180.0 2.5 25.0
36.58745897 -97.76083887 80 82.4564 39.4869 180.0 2.5 25.0
36.59511995 -97.75552917 80 82.4564 39.4869 180.0 2.5 25.0
36.59487987 -97.75153089 80 82.4564 39.4869 180.0 2.5 25.0
36.59449410 -97.74655116 80 82.4564 39.4869 180.0 2.5 25.0
36.58737552 -97.75629067 80 82.4564 39.4869 180.0 2.5 25.0
36.58766937 -97.75249660 80 82.4564 39.4869 180.0 2.5 25.0
36.58661318 -97.74891424 80 82.4564 39.4869 180.0 2.5 25.0
36.58431304 -97.74534106 80 82.4564 39.4869 180.0 2.5 25.0
36.58269393 -97.74224877 80 82.4564 39.4869 180.0 2.5 25.0
36.58012533 -97.73888135 80 82.4564 39.4869 180.0 2.5 25.0
36.58013129 -97.73519289 80 82.4564 39.4869 180.0 2.5 25.0
