      1000.00      300.048      0.00000
      2.05630      300.048      0.00000      3.02032    0.0822225
      6.27207      300.048      0.00000      4.20991     0.102532
      10.7161      300.048      0.00000      5.08369     0.111072
      15.3521      300.048      0.00000      5.71989     0.112752
      20.2187      300.048      0.00000      6.17259     0.110383
      25.3903      300.048      0.00000      6.49723     0.105209
      30.7502      300.048      0.00000      6.73700    0.0977575
      36.3299      300.048      0.00000      6.92163    0.0884203
      42.3116      300.048      0.00000      7.07065    0.0774090
      48.5118      300.048      0.00000      7.19694    0.0650757
      55.0782      300.048      0.00000      7.30800    0.0518415
      61.9642      300.048      0.00000      7.40855    0.0378185
      69.1201      300.048      0.00000      7.50209    0.0232765
      76.6749      300.048      0.00000      7.59070   0.00856850
      84.5368      300.048      0.00000      7.67612  -0.00625650
      92.9886      300.048      0.00000      7.75923   -0.0211553
      101.717      300.048      0.00000      7.84058   -0.0361850
      110.882      300.048      0.00000      7.92071   -0.0514890
      120.600      300.048      0.00000      8.00037   -0.0674845
      130.662      300.048      0.00000      8.08021   -0.0847293
      141.314      300.048      0.00000      8.16060    -0.103481
      152.290      300.048      0.00000      8.24145    -0.123877
      163.816      300.049      0.00000      8.32247    -0.145743
      176.255      300.049      0.00000      8.40381    -0.168443
      189.202      300.049      0.00000      8.48472    -0.191243
      202.601      300.049      0.00000      8.56565    -0.214834
      216.948      300.049      0.00000      8.64712    -0.240987
      231.669      300.049      0.00000      8.72958    -0.269134
      246.975      300.049      0.00000      8.81360    -0.298293
      263.450      300.049      0.00000      8.89889    -0.329121
      280.772      300.049      0.00000      8.98510    -0.361869
      299.098      300.049      0.00000      9.07193    -0.396870
      317.652      300.049      0.00000      9.15824    -0.434358
      337.183      300.049      0.00000      9.24425    -0.475085
      358.872      300.049      0.00000      9.33037    -0.520317
      380.853      300.049      0.00000      9.41673    -0.568907
      403.821      300.049      0.00000      9.50425    -0.619342
      427.442      300.049      0.00000      9.59249    -0.670941
      451.150      300.050      0.00000      9.67853    -0.723309
      476.266      300.050      0.00000      9.75900    -0.775497
      501.245      300.050      0.00000      9.83506    -0.828982
      524.797      300.050      0.00000      9.90829    -0.882884
      548.597      300.050      0.00000      9.97820    -0.934749
      573.953      300.050      0.00000      10.0453    -0.984231
      598.121      300.050      0.00000      10.1087     -1.03324
      622.058      300.051      0.00000      10.1684     -1.08248
      645.865      300.051      0.00000      10.2252     -1.13179
      669.489      300.051      0.00000      10.2793     -1.18145
      693.682      300.051      0.00000      10.3295     -1.23162
      718.049      300.052      0.00000      10.3761     -1.28128
      743.321      300.052      0.00000      10.4197     -1.33049
      767.828      300.052      0.00000      10.4614     -1.37935
      792.410      300.053      0.00000      10.5010     -1.42814
      815.092      300.053      0.00000      10.5381     -1.47720
      837.021      300.054      0.00000      10.5725     -1.52732
      861.620      300.055      0.00000      10.6049     -1.58002
      887.176      300.056      0.00000      10.6347     -1.63652
      911.968      300.057      0.00000      10.6603     -1.69925
      936.558      300.059      0.00000      10.6797     -1.77127
      958.908      300.062      0.00000      10.6867     -1.85843
      980.465      300.070      0.00000      10.6704     -1.97071
      1005.09      300.087      0.00000      10.6120     -2.12218
      1030.72      300.133      0.00000      10.4787     -2.33047
      1055.68      300.244      0.00000      10.2502     -2.56891
      1080.46      300.440      0.00000      9.98949     -2.73373
      1103.22      300.703      0.00000      9.78417     -2.77977
      1125.59      301.005      0.00000      9.67729     -2.74890
      1150.81      301.329      0.00000      9.65524     -2.70147
      1173.97      301.659      0.00000      9.67807     -2.67595
      1196.47      301.984      0.00000      9.70444     -2.68088
      1221.35      302.297      0.00000      9.71114     -2.70413
      1244.31      302.592      0.00000      9.69425     -2.72892
      1266.89      302.870      0.00000      9.66243     -2.74434
      1291.99      303.133      0.00000      9.62756     -2.74812
      1317.62      303.384      0.00000      9.59949     -2.74437
      1342.80      303.628      0.00000      9.58336     -2.73895
      1367.99      303.869      0.00000      9.57807     -2.73568
      1391.46      304.110      0.00000      9.57952     -2.73557
      1414.54      304.351      0.00000      9.58370     -2.73762
      1439.90      304.594      0.00000      9.58911     -2.74019
      1461.08      304.838      0.00000      9.59418     -2.74224
      1481.72      305.082      0.00000      9.59835     -2.74357
      1504.84      305.326      0.00000      9.60153     -2.74445
      1528.42      305.569      0.00000      9.60312     -2.74514
      1553.70      305.811      0.00000      9.60415     -2.74566
      1578.99      306.053      0.00000      9.60468     -2.74594
      1604.70      306.294      0.00000      9.60431     -2.74600
      1630.03      306.536      0.00000      9.60333     -2.74605
      1653.51      306.778      0.00000      9.60258     -2.74674
      1677.40      307.021      0.00000      9.60204     -2.74838
      1702.85      307.264      0.00000      9.60255     -2.75087
      1722.44      307.507      0.00000      9.60526     -2.75287
      1742.25      307.749      0.00000      9.61010     -2.75209
      1767.55      307.989      0.00000      9.61407     -2.74638
      1791.18      308.223      0.00000      9.61333     -2.73591
      1815.15      308.449      0.00000      9.60971     -2.73028
      1840.45      308.666      0.00000      9.61058     -2.74362
      1865.89      308.890      0.00000      9.61470     -2.75273
      1891.70      309.128      0.00000      9.61657     -2.75557
      1917.06      309.370      0.00000      9.61666     -2.75585
      1940.63      309.611      0.00000      9.61618     -2.75519
      1964.93      309.841      0.00000      9.61593     -2.75422
      1990.05      310.028      0.00000      9.61601     -2.75329
      2009.43      310.272      0.00000      9.61619     -2.75267
      2029.04      310.505      0.00000      9.61635     -2.75236
      2054.69      310.750      0.00000      9.61646     -2.75221
      2078.65      310.994      0.00000      9.61652     -2.75208
      2102.92      311.226      0.00000      9.61654     -2.75197
      2128.35      311.424      0.00000      9.61654     -2.75186
      2151.30      311.658      0.00000      9.61654     -2.75177
      2176.82      311.904      0.00000      9.61653     -2.75169
      2202.01      312.089      0.00000      9.61652     -2.75163
      2226.52      312.320      0.00000      9.61652     -2.75159
      2250.48      312.521      0.00000      9.61651     -2.75157
      2275.99      312.755      0.00000      9.61651     -2.75155
      2296.28      313.000      0.00000      9.61651     -2.75154
      2316.56      313.234      0.00000      9.61651     -2.75153
      2342.07      313.436      0.00000      9.61650     -2.75153
      2366.78      313.672      0.00000      9.61650     -2.75153
      2391.03      313.918      0.00000      9.61650     -2.75153
      2400.00      314.000      0.00000      9.61650     -2.75153

