      1000.00      308.799      0.00000
      4.18875      308.718      0.00000      5.19175    0.0201290
      12.7763      308.553      0.00000      6.79895    0.0139933
      21.8227      308.420      0.00000      7.80435   0.00569250
      31.2481      308.315      0.00000      8.43044  -0.00126300
      41.2015      308.237      0.00000      8.80979  -0.00615375
      51.7227      308.184      0.00000      9.04649  -0.00953300
      62.5646      308.149      0.00000      9.20282   -0.0120532
      73.9978      308.125      0.00000      9.31239   -0.0143190
      86.1434      308.107      0.00000      9.39388   -0.0164680
      99.0096      308.093      0.00000      9.45774   -0.0183495
      112.355      308.082      0.00000      9.51045   -0.0198670
      126.261      308.072      0.00000      9.55525   -0.0211160
      140.504      308.064      0.00000      9.59383   -0.0224582
      155.767      308.057      0.00000      9.62793   -0.0238005
      172.300      308.051      0.00000      9.65896   -0.0249310
      189.350      308.045      0.00000      9.68733   -0.0260448
      206.918      308.040      0.00000      9.71319   -0.0270922
      225.342      308.035      0.00000      9.73754   -0.0282773
      244.785      308.030      0.00000      9.76078   -0.0301232
      264.798      308.026      0.00000      9.78316   -0.0328803
      285.950      308.021      0.00000      9.80435   -0.0359535
      309.110      308.018      0.00000      9.82449   -0.0393735
      333.443      308.014      0.00000      9.84398   -0.0439065
      357.911      308.011      0.00000      9.86195   -0.0493893
      384.001      308.007      0.00000      9.87761   -0.0548135
      412.697      308.005      0.00000      9.89125   -0.0603275
      441.922      308.002      0.00000      9.90288   -0.0668873
      471.852      308.000      0.00000      9.91276   -0.0743712
      502.358      307.998      0.00000      9.92134   -0.0814640
      533.555      307.996      0.00000      9.92740   -0.0878135
      568.576      307.995      0.00000      9.93132   -0.0929952
      606.047      307.993      0.00000      9.93424   -0.0970580
      644.712      307.992      0.00000      9.93565    -0.100790
      684.590      307.992      0.00000      9.93359    -0.104783
      727.015      307.991      0.00000      9.92764    -0.109122
      771.275      307.991      0.00000      9.91977    -0.113550
      817.767      307.991      0.00000      9.91281    -0.119012
      865.557      307.991      0.00000      9.90752    -0.126704
      913.860      307.991      0.00000      9.90278    -0.133594
      964.044      307.991      0.00000      9.89718    -0.139108
      1011.67      307.992      0.00000      9.88857    -0.142980
      1058.02      307.992      0.00000      9.87673    -0.146964
      1106.72      307.993      0.00000      9.86341    -0.154000
      1154.21      307.995      0.00000      9.84951    -0.161025
      1202.56      307.996      0.00000      9.83582    -0.165775
      1251.81      307.997      0.00000      9.82116    -0.169858
      1300.87      307.999      0.00000      9.80476    -0.174147
      1348.25      308.001      0.00000      9.79071    -0.179618
      1393.78      308.003      0.00000      9.77717    -0.185818
      1442.86      308.006      0.00000      9.76317    -0.191863
      1493.25      308.009      0.00000      9.74913    -0.198292
      1541.69      308.013      0.00000      9.73496    -0.205730
      1585.44      308.018      0.00000      9.72118    -0.215284
      1629.15      308.024      0.00000      9.71125    -0.228969
      1677.62      308.032      0.00000      9.70863    -0.245814
      1728.06      308.043      0.00000      9.71191    -0.265181
      1777.30      308.060      0.00000      9.72340    -0.290501
      1820.28      308.085      0.00000      9.74215    -0.323312
      1864.46      308.126      0.00000      9.76950    -0.366775
      1913.82      308.199      0.00000      9.80674    -0.428981
      1963.18      308.344      0.00000      9.85117    -0.528267
      2012.16      308.650      0.00000      9.89209    -0.704373
      2061.35      309.256      0.00000      9.91871     -1.00692
      2106.34      310.236      0.00000      9.89850     -1.41656
      2150.50      311.426      0.00000      9.82635     -1.81484
      2200.75      312.517      0.00000      9.74598     -2.07741
      2252.13      313.353      0.00000      9.70433     -2.17613
      2302.21      313.957      0.00000      9.71070     -2.15411
      2347.36      314.418      0.00000      9.73770     -2.07220
      2392.70      314.831      0.00000      9.75449     -1.99355
      2443.21      315.240      0.00000      9.75407     -1.97727
      2488.71      315.682      0.00000      9.77110     -2.05202
      2532.93      316.126      0.00000      9.77925     -2.07545
      2578.34      316.550      0.00000      9.77651     -2.07868
      2624.81      317.008      0.00000      9.76974     -2.07904
      2675.05      317.495      0.00000      9.76586     -2.07905
      2725.61      317.955      0.00000      9.76489     -2.07909
      2776.24      318.344      0.00000      9.76479     -2.07920
      2826.68      318.782      0.00000      9.76485     -2.07937
      2873.93      319.245      0.00000      9.76491     -2.07958
      2920.46      319.694      0.00000      9.76497     -2.07981
      2961.91      320.074      0.00000      9.76505     -2.08004
      3002.95      320.510      0.00000      9.76513     -2.08029
      3053.20      320.993      0.00000      9.76520     -2.08051
      3100.52      321.450      0.00000      9.76526     -2.08068
      3147.19      321.822      0.00000      9.76530     -2.08081
      3197.95      322.226      0.00000      9.76533     -2.08088
      3600.00      326.000      0.00000      9.76533     -2.08088

